0           0.505182    0.61397     0.313663    0.689418    0.642773    
0.505182    0           0.504783    0.492762    0.487246    0.784434    
0.61397     0.504783    0           0.616838    0.530011    0.618139    
0.313663    0.492762    0.616838    0           0.782864    0.639618    
0.689418    0.487246    0.530011    0.782864    0           0.817135    
0.642773    0.784434    0.618139    0.639618    0.817135    0           
